{
 "cells": [
  {
   "cell_type": "markdown",
   "id": "25a14d5a",
   "metadata": {},
   "source": [
    "## Генерація датасету і завдання.\n",
    "\n",
    "- побудувати просту систему рекомендацій"
   ]
  },
  {
   "cell_type": "code",
   "execution_count": 16,
   "id": "2ba40aa4",
   "metadata": {},
   "outputs": [
    {
     "data": {
      "text/html": [
       "<div>\n",
       "<style scoped>\n",
       "    .dataframe tbody tr th:only-of-type {\n",
       "        vertical-align: middle;\n",
       "    }\n",
       "\n",
       "    .dataframe tbody tr th {\n",
       "        vertical-align: top;\n",
       "    }\n",
       "\n",
       "    .dataframe thead th {\n",
       "        text-align: right;\n",
       "    }\n",
       "</style>\n",
       "<table border=\"1\" class=\"dataframe\">\n",
       "  <thead>\n",
       "    <tr style=\"text-align: right;\">\n",
       "      <th></th>\n",
       "      <th>userId</th>\n",
       "      <th>itemId</th>\n",
       "      <th>rating</th>\n",
       "    </tr>\n",
       "  </thead>\n",
       "  <tbody>\n",
       "    <tr>\n",
       "      <th>0</th>\n",
       "      <td>6</td>\n",
       "      <td>106</td>\n",
       "      <td>5</td>\n",
       "    </tr>\n",
       "    <tr>\n",
       "      <th>1</th>\n",
       "      <td>12</td>\n",
       "      <td>101</td>\n",
       "      <td>5</td>\n",
       "    </tr>\n",
       "    <tr>\n",
       "      <th>2</th>\n",
       "      <td>11</td>\n",
       "      <td>109</td>\n",
       "      <td>5</td>\n",
       "    </tr>\n",
       "    <tr>\n",
       "      <th>3</th>\n",
       "      <td>15</td>\n",
       "      <td>103</td>\n",
       "      <td>5</td>\n",
       "    </tr>\n",
       "    <tr>\n",
       "      <th>4</th>\n",
       "      <td>1</td>\n",
       "      <td>109</td>\n",
       "      <td>5</td>\n",
       "    </tr>\n",
       "    <tr>\n",
       "      <th>5</th>\n",
       "      <td>19</td>\n",
       "      <td>105</td>\n",
       "      <td>5</td>\n",
       "    </tr>\n",
       "    <tr>\n",
       "      <th>6</th>\n",
       "      <td>19</td>\n",
       "      <td>104</td>\n",
       "      <td>5</td>\n",
       "    </tr>\n",
       "    <tr>\n",
       "      <th>7</th>\n",
       "      <td>10</td>\n",
       "      <td>107</td>\n",
       "      <td>5</td>\n",
       "    </tr>\n",
       "    <tr>\n",
       "      <th>8</th>\n",
       "      <td>7</td>\n",
       "      <td>104</td>\n",
       "      <td>5</td>\n",
       "    </tr>\n",
       "    <tr>\n",
       "      <th>9</th>\n",
       "      <td>12</td>\n",
       "      <td>108</td>\n",
       "      <td>5</td>\n",
       "    </tr>\n",
       "  </tbody>\n",
       "</table>\n",
       "</div>"
      ],
      "text/plain": [
       "   userId  itemId  rating\n",
       "0       6     106       5\n",
       "1      12     101       5\n",
       "2      11     109       5\n",
       "3      15     103       5\n",
       "4       1     109       5\n",
       "5      19     105       5\n",
       "6      19     104       5\n",
       "7      10     107       5\n",
       "8       7     104       5\n",
       "9      12     108       5"
      ]
     },
     "execution_count": 16,
     "metadata": {},
     "output_type": "execute_result"
    }
   ],
   "source": [
    "import pandas as pd\n",
    "import numpy as np\n",
    "np.random.seed(12)\n",
    "\n",
    "data = {'userId':np.random.randint(1,20,500),\n",
    "        'itemId': np.random.randint(101,111,500),\n",
    "        'rating': np.random.randint(1,6,500)}\n",
    "\n",
    "df = pd.DataFrame(data=data)\n",
    "df = df.sort_values(by='rating', ascending=False).reset_index(drop=True)\n",
    "df.head(10)\n"
   ]
  },
  {
   "cell_type": "code",
   "execution_count": 37,
   "id": "4034c67e",
   "metadata": {},
   "outputs": [
    {
     "name": "stdout",
     "output_type": "stream",
     "text": [
      "Top-5 items to recommend: \n"
     ]
    },
    {
     "data": {
      "text/html": [
       "<div>\n",
       "<style scoped>\n",
       "    .dataframe tbody tr th:only-of-type {\n",
       "        vertical-align: middle;\n",
       "    }\n",
       "\n",
       "    .dataframe tbody tr th {\n",
       "        vertical-align: top;\n",
       "    }\n",
       "\n",
       "    .dataframe thead th {\n",
       "        text-align: right;\n",
       "    }\n",
       "</style>\n",
       "<table border=\"1\" class=\"dataframe\">\n",
       "  <thead>\n",
       "    <tr style=\"text-align: right;\">\n",
       "      <th></th>\n",
       "      <th>itemId</th>\n",
       "      <th>rating</th>\n",
       "    </tr>\n",
       "  </thead>\n",
       "  <tbody>\n",
       "    <tr>\n",
       "      <th>0</th>\n",
       "      <td>101</td>\n",
       "      <td>3.226415</td>\n",
       "    </tr>\n",
       "    <tr>\n",
       "      <th>9</th>\n",
       "      <td>110</td>\n",
       "      <td>3.217391</td>\n",
       "    </tr>\n",
       "    <tr>\n",
       "      <th>4</th>\n",
       "      <td>105</td>\n",
       "      <td>3.065217</td>\n",
       "    </tr>\n",
       "    <tr>\n",
       "      <th>8</th>\n",
       "      <td>109</td>\n",
       "      <td>3.000000</td>\n",
       "    </tr>\n",
       "    <tr>\n",
       "      <th>5</th>\n",
       "      <td>106</td>\n",
       "      <td>2.968750</td>\n",
       "    </tr>\n",
       "  </tbody>\n",
       "</table>\n",
       "</div>"
      ],
      "text/plain": [
       "   itemId    rating\n",
       "0     101  3.226415\n",
       "9     110  3.217391\n",
       "4     105  3.065217\n",
       "8     109  3.000000\n",
       "5     106  2.968750"
      ]
     },
     "execution_count": 37,
     "metadata": {},
     "output_type": "execute_result"
    }
   ],
   "source": [
    "item_mean = df.groupby('itemId')['rating'].mean().reset_index()\n",
    "item_mean = item_mean.sort_values(by='rating', ascending=False)\n",
    "print('Top-5 items to recommend: ')\n",
    "item_mean.head()\n"
   ]
  },
  {
   "cell_type": "code",
   "execution_count": 18,
   "id": "96e21350",
   "metadata": {},
   "outputs": [
    {
     "data": {
      "text/html": [
       "<div>\n",
       "<style scoped>\n",
       "    .dataframe tbody tr th:only-of-type {\n",
       "        vertical-align: middle;\n",
       "    }\n",
       "\n",
       "    .dataframe tbody tr th {\n",
       "        vertical-align: top;\n",
       "    }\n",
       "\n",
       "    .dataframe thead th {\n",
       "        text-align: right;\n",
       "    }\n",
       "</style>\n",
       "<table border=\"1\" class=\"dataframe\">\n",
       "  <thead>\n",
       "    <tr style=\"text-align: right;\">\n",
       "      <th>itemId</th>\n",
       "      <th>101</th>\n",
       "      <th>102</th>\n",
       "      <th>103</th>\n",
       "      <th>104</th>\n",
       "      <th>105</th>\n",
       "      <th>106</th>\n",
       "      <th>107</th>\n",
       "      <th>108</th>\n",
       "      <th>109</th>\n",
       "      <th>110</th>\n",
       "    </tr>\n",
       "    <tr>\n",
       "      <th>userId</th>\n",
       "      <th></th>\n",
       "      <th></th>\n",
       "      <th></th>\n",
       "      <th></th>\n",
       "      <th></th>\n",
       "      <th></th>\n",
       "      <th></th>\n",
       "      <th></th>\n",
       "      <th></th>\n",
       "      <th></th>\n",
       "    </tr>\n",
       "  </thead>\n",
       "  <tbody>\n",
       "    <tr>\n",
       "      <th>1</th>\n",
       "      <td>3.0</td>\n",
       "      <td>5.0</td>\n",
       "      <td>5.0</td>\n",
       "      <td>5.0</td>\n",
       "      <td>5.0</td>\n",
       "      <td>5.0</td>\n",
       "      <td>3.0</td>\n",
       "      <td>5.0</td>\n",
       "      <td>5.0</td>\n",
       "      <td>4.0</td>\n",
       "    </tr>\n",
       "    <tr>\n",
       "      <th>2</th>\n",
       "      <td>4.0</td>\n",
       "      <td>0.0</td>\n",
       "      <td>3.0</td>\n",
       "      <td>4.0</td>\n",
       "      <td>5.0</td>\n",
       "      <td>3.0</td>\n",
       "      <td>4.0</td>\n",
       "      <td>2.0</td>\n",
       "      <td>0.0</td>\n",
       "      <td>4.0</td>\n",
       "    </tr>\n",
       "    <tr>\n",
       "      <th>3</th>\n",
       "      <td>4.0</td>\n",
       "      <td>0.0</td>\n",
       "      <td>5.0</td>\n",
       "      <td>5.0</td>\n",
       "      <td>5.0</td>\n",
       "      <td>5.0</td>\n",
       "      <td>3.0</td>\n",
       "      <td>4.0</td>\n",
       "      <td>5.0</td>\n",
       "      <td>5.0</td>\n",
       "    </tr>\n",
       "    <tr>\n",
       "      <th>4</th>\n",
       "      <td>5.0</td>\n",
       "      <td>0.0</td>\n",
       "      <td>5.0</td>\n",
       "      <td>4.0</td>\n",
       "      <td>5.0</td>\n",
       "      <td>2.0</td>\n",
       "      <td>4.0</td>\n",
       "      <td>0.0</td>\n",
       "      <td>5.0</td>\n",
       "      <td>5.0</td>\n",
       "    </tr>\n",
       "    <tr>\n",
       "      <th>5</th>\n",
       "      <td>1.0</td>\n",
       "      <td>3.0</td>\n",
       "      <td>5.0</td>\n",
       "      <td>5.0</td>\n",
       "      <td>5.0</td>\n",
       "      <td>2.0</td>\n",
       "      <td>4.0</td>\n",
       "      <td>4.0</td>\n",
       "      <td>4.0</td>\n",
       "      <td>5.0</td>\n",
       "    </tr>\n",
       "    <tr>\n",
       "      <th>6</th>\n",
       "      <td>4.0</td>\n",
       "      <td>0.0</td>\n",
       "      <td>4.0</td>\n",
       "      <td>4.0</td>\n",
       "      <td>5.0</td>\n",
       "      <td>5.0</td>\n",
       "      <td>4.0</td>\n",
       "      <td>4.0</td>\n",
       "      <td>5.0</td>\n",
       "      <td>4.0</td>\n",
       "    </tr>\n",
       "    <tr>\n",
       "      <th>7</th>\n",
       "      <td>4.0</td>\n",
       "      <td>2.0</td>\n",
       "      <td>5.0</td>\n",
       "      <td>5.0</td>\n",
       "      <td>5.0</td>\n",
       "      <td>5.0</td>\n",
       "      <td>5.0</td>\n",
       "      <td>2.0</td>\n",
       "      <td>5.0</td>\n",
       "      <td>3.0</td>\n",
       "    </tr>\n",
       "    <tr>\n",
       "      <th>8</th>\n",
       "      <td>4.0</td>\n",
       "      <td>4.0</td>\n",
       "      <td>3.0</td>\n",
       "      <td>4.0</td>\n",
       "      <td>4.0</td>\n",
       "      <td>5.0</td>\n",
       "      <td>0.0</td>\n",
       "      <td>5.0</td>\n",
       "      <td>5.0</td>\n",
       "      <td>1.0</td>\n",
       "    </tr>\n",
       "    <tr>\n",
       "      <th>9</th>\n",
       "      <td>5.0</td>\n",
       "      <td>0.0</td>\n",
       "      <td>4.0</td>\n",
       "      <td>4.0</td>\n",
       "      <td>2.0</td>\n",
       "      <td>4.0</td>\n",
       "      <td>4.0</td>\n",
       "      <td>2.0</td>\n",
       "      <td>5.0</td>\n",
       "      <td>3.0</td>\n",
       "    </tr>\n",
       "    <tr>\n",
       "      <th>10</th>\n",
       "      <td>5.0</td>\n",
       "      <td>4.0</td>\n",
       "      <td>2.0</td>\n",
       "      <td>2.0</td>\n",
       "      <td>4.0</td>\n",
       "      <td>5.0</td>\n",
       "      <td>5.0</td>\n",
       "      <td>4.0</td>\n",
       "      <td>5.0</td>\n",
       "      <td>5.0</td>\n",
       "    </tr>\n",
       "    <tr>\n",
       "      <th>11</th>\n",
       "      <td>4.0</td>\n",
       "      <td>1.0</td>\n",
       "      <td>3.0</td>\n",
       "      <td>5.0</td>\n",
       "      <td>0.0</td>\n",
       "      <td>5.0</td>\n",
       "      <td>5.0</td>\n",
       "      <td>3.0</td>\n",
       "      <td>5.0</td>\n",
       "      <td>0.0</td>\n",
       "    </tr>\n",
       "    <tr>\n",
       "      <th>12</th>\n",
       "      <td>5.0</td>\n",
       "      <td>0.0</td>\n",
       "      <td>5.0</td>\n",
       "      <td>2.0</td>\n",
       "      <td>5.0</td>\n",
       "      <td>5.0</td>\n",
       "      <td>4.0</td>\n",
       "      <td>5.0</td>\n",
       "      <td>5.0</td>\n",
       "      <td>3.0</td>\n",
       "    </tr>\n",
       "    <tr>\n",
       "      <th>13</th>\n",
       "      <td>4.0</td>\n",
       "      <td>3.0</td>\n",
       "      <td>5.0</td>\n",
       "      <td>5.0</td>\n",
       "      <td>3.0</td>\n",
       "      <td>3.0</td>\n",
       "      <td>4.0</td>\n",
       "      <td>2.0</td>\n",
       "      <td>5.0</td>\n",
       "      <td>3.0</td>\n",
       "    </tr>\n",
       "    <tr>\n",
       "      <th>14</th>\n",
       "      <td>2.0</td>\n",
       "      <td>1.0</td>\n",
       "      <td>1.0</td>\n",
       "      <td>4.0</td>\n",
       "      <td>5.0</td>\n",
       "      <td>5.0</td>\n",
       "      <td>5.0</td>\n",
       "      <td>4.0</td>\n",
       "      <td>4.0</td>\n",
       "      <td>5.0</td>\n",
       "    </tr>\n",
       "    <tr>\n",
       "      <th>15</th>\n",
       "      <td>5.0</td>\n",
       "      <td>5.0</td>\n",
       "      <td>5.0</td>\n",
       "      <td>5.0</td>\n",
       "      <td>2.0</td>\n",
       "      <td>4.0</td>\n",
       "      <td>1.0</td>\n",
       "      <td>3.0</td>\n",
       "      <td>4.0</td>\n",
       "      <td>0.0</td>\n",
       "    </tr>\n",
       "    <tr>\n",
       "      <th>16</th>\n",
       "      <td>2.0</td>\n",
       "      <td>4.0</td>\n",
       "      <td>0.0</td>\n",
       "      <td>2.0</td>\n",
       "      <td>3.0</td>\n",
       "      <td>5.0</td>\n",
       "      <td>4.0</td>\n",
       "      <td>0.0</td>\n",
       "      <td>4.0</td>\n",
       "      <td>5.0</td>\n",
       "    </tr>\n",
       "    <tr>\n",
       "      <th>17</th>\n",
       "      <td>5.0</td>\n",
       "      <td>5.0</td>\n",
       "      <td>4.0</td>\n",
       "      <td>1.0</td>\n",
       "      <td>0.0</td>\n",
       "      <td>4.0</td>\n",
       "      <td>2.0</td>\n",
       "      <td>4.0</td>\n",
       "      <td>3.0</td>\n",
       "      <td>5.0</td>\n",
       "    </tr>\n",
       "    <tr>\n",
       "      <th>18</th>\n",
       "      <td>5.0</td>\n",
       "      <td>5.0</td>\n",
       "      <td>0.0</td>\n",
       "      <td>5.0</td>\n",
       "      <td>4.0</td>\n",
       "      <td>4.0</td>\n",
       "      <td>5.0</td>\n",
       "      <td>4.0</td>\n",
       "      <td>4.0</td>\n",
       "      <td>5.0</td>\n",
       "    </tr>\n",
       "    <tr>\n",
       "      <th>19</th>\n",
       "      <td>5.0</td>\n",
       "      <td>3.0</td>\n",
       "      <td>2.0</td>\n",
       "      <td>5.0</td>\n",
       "      <td>5.0</td>\n",
       "      <td>4.0</td>\n",
       "      <td>5.0</td>\n",
       "      <td>4.0</td>\n",
       "      <td>4.0</td>\n",
       "      <td>1.0</td>\n",
       "    </tr>\n",
       "  </tbody>\n",
       "</table>\n",
       "</div>"
      ],
      "text/plain": [
       "itemId  101  102  103  104  105  106  107  108  109  110\n",
       "userId                                                  \n",
       "1       3.0  5.0  5.0  5.0  5.0  5.0  3.0  5.0  5.0  4.0\n",
       "2       4.0  0.0  3.0  4.0  5.0  3.0  4.0  2.0  0.0  4.0\n",
       "3       4.0  0.0  5.0  5.0  5.0  5.0  3.0  4.0  5.0  5.0\n",
       "4       5.0  0.0  5.0  4.0  5.0  2.0  4.0  0.0  5.0  5.0\n",
       "5       1.0  3.0  5.0  5.0  5.0  2.0  4.0  4.0  4.0  5.0\n",
       "6       4.0  0.0  4.0  4.0  5.0  5.0  4.0  4.0  5.0  4.0\n",
       "7       4.0  2.0  5.0  5.0  5.0  5.0  5.0  2.0  5.0  3.0\n",
       "8       4.0  4.0  3.0  4.0  4.0  5.0  0.0  5.0  5.0  1.0\n",
       "9       5.0  0.0  4.0  4.0  2.0  4.0  4.0  2.0  5.0  3.0\n",
       "10      5.0  4.0  2.0  2.0  4.0  5.0  5.0  4.0  5.0  5.0\n",
       "11      4.0  1.0  3.0  5.0  0.0  5.0  5.0  3.0  5.0  0.0\n",
       "12      5.0  0.0  5.0  2.0  5.0  5.0  4.0  5.0  5.0  3.0\n",
       "13      4.0  3.0  5.0  5.0  3.0  3.0  4.0  2.0  5.0  3.0\n",
       "14      2.0  1.0  1.0  4.0  5.0  5.0  5.0  4.0  4.0  5.0\n",
       "15      5.0  5.0  5.0  5.0  2.0  4.0  1.0  3.0  4.0  0.0\n",
       "16      2.0  4.0  0.0  2.0  3.0  5.0  4.0  0.0  4.0  5.0\n",
       "17      5.0  5.0  4.0  1.0  0.0  4.0  2.0  4.0  3.0  5.0\n",
       "18      5.0  5.0  0.0  5.0  4.0  4.0  5.0  4.0  4.0  5.0\n",
       "19      5.0  3.0  2.0  5.0  5.0  4.0  5.0  4.0  4.0  1.0"
      ]
     },
     "execution_count": 18,
     "metadata": {},
     "output_type": "execute_result"
    }
   ],
   "source": [
    "# побудова матриці айтемів\n",
    "df_unique = df.drop_duplicates(subset=['userId', 'itemId'])\n",
    "R = df_unique.pivot(index='userId', columns='itemId', values='rating').fillna(0)\n",
    "R\n"
   ]
  },
  {
   "cell_type": "code",
   "execution_count": 19,
   "id": "88837438",
   "metadata": {},
   "outputs": [
    {
     "data": {
      "text/plain": [
       "userId\n",
       "1     4.500000\n",
       "2     3.625000\n",
       "3     4.555556\n",
       "4     4.375000\n",
       "5     3.800000\n",
       "6     4.333333\n",
       "7     4.100000\n",
       "8     3.888889\n",
       "9     3.666667\n",
       "10    4.100000\n",
       "11    3.875000\n",
       "12    4.333333\n",
       "13    3.700000\n",
       "14    3.600000\n",
       "15    3.777778\n",
       "16    3.625000\n",
       "17    3.666667\n",
       "18    4.555556\n",
       "19    3.800000\n",
       "dtype: float64"
      ]
     },
     "execution_count": 19,
     "metadata": {},
     "output_type": "execute_result"
    }
   ],
   "source": [
    "user_means = R.replace(0, np.nan).mean(axis=1)\n",
    "user_means\n"
   ]
  },
  {
   "cell_type": "code",
   "execution_count": 20,
   "id": "440aded1",
   "metadata": {},
   "outputs": [
    {
     "data": {
      "text/html": [
       "<div>\n",
       "<style scoped>\n",
       "    .dataframe tbody tr th:only-of-type {\n",
       "        vertical-align: middle;\n",
       "    }\n",
       "\n",
       "    .dataframe tbody tr th {\n",
       "        vertical-align: top;\n",
       "    }\n",
       "\n",
       "    .dataframe thead th {\n",
       "        text-align: right;\n",
       "    }\n",
       "</style>\n",
       "<table border=\"1\" class=\"dataframe\">\n",
       "  <thead>\n",
       "    <tr style=\"text-align: right;\">\n",
       "      <th>itemId</th>\n",
       "      <th>101</th>\n",
       "      <th>102</th>\n",
       "      <th>103</th>\n",
       "      <th>104</th>\n",
       "      <th>105</th>\n",
       "      <th>106</th>\n",
       "      <th>107</th>\n",
       "      <th>108</th>\n",
       "      <th>109</th>\n",
       "      <th>110</th>\n",
       "    </tr>\n",
       "    <tr>\n",
       "      <th>userId</th>\n",
       "      <th></th>\n",
       "      <th></th>\n",
       "      <th></th>\n",
       "      <th></th>\n",
       "      <th></th>\n",
       "      <th></th>\n",
       "      <th></th>\n",
       "      <th></th>\n",
       "      <th></th>\n",
       "      <th></th>\n",
       "    </tr>\n",
       "  </thead>\n",
       "  <tbody>\n",
       "    <tr>\n",
       "      <th>1</th>\n",
       "      <td>-1.500000</td>\n",
       "      <td>0.500000</td>\n",
       "      <td>0.500000</td>\n",
       "      <td>0.500000</td>\n",
       "      <td>0.500000</td>\n",
       "      <td>0.500000</td>\n",
       "      <td>-1.500000</td>\n",
       "      <td>0.500000</td>\n",
       "      <td>0.500000</td>\n",
       "      <td>-0.500000</td>\n",
       "    </tr>\n",
       "    <tr>\n",
       "      <th>2</th>\n",
       "      <td>0.375000</td>\n",
       "      <td>-3.625000</td>\n",
       "      <td>-0.625000</td>\n",
       "      <td>0.375000</td>\n",
       "      <td>1.375000</td>\n",
       "      <td>-0.625000</td>\n",
       "      <td>0.375000</td>\n",
       "      <td>-1.625000</td>\n",
       "      <td>-3.625000</td>\n",
       "      <td>0.375000</td>\n",
       "    </tr>\n",
       "    <tr>\n",
       "      <th>3</th>\n",
       "      <td>-0.555556</td>\n",
       "      <td>-4.555556</td>\n",
       "      <td>0.444444</td>\n",
       "      <td>0.444444</td>\n",
       "      <td>0.444444</td>\n",
       "      <td>0.444444</td>\n",
       "      <td>-1.555556</td>\n",
       "      <td>-0.555556</td>\n",
       "      <td>0.444444</td>\n",
       "      <td>0.444444</td>\n",
       "    </tr>\n",
       "    <tr>\n",
       "      <th>4</th>\n",
       "      <td>0.625000</td>\n",
       "      <td>-4.375000</td>\n",
       "      <td>0.625000</td>\n",
       "      <td>-0.375000</td>\n",
       "      <td>0.625000</td>\n",
       "      <td>-2.375000</td>\n",
       "      <td>-0.375000</td>\n",
       "      <td>-4.375000</td>\n",
       "      <td>0.625000</td>\n",
       "      <td>0.625000</td>\n",
       "    </tr>\n",
       "    <tr>\n",
       "      <th>5</th>\n",
       "      <td>-2.800000</td>\n",
       "      <td>-0.800000</td>\n",
       "      <td>1.200000</td>\n",
       "      <td>1.200000</td>\n",
       "      <td>1.200000</td>\n",
       "      <td>-1.800000</td>\n",
       "      <td>0.200000</td>\n",
       "      <td>0.200000</td>\n",
       "      <td>0.200000</td>\n",
       "      <td>1.200000</td>\n",
       "    </tr>\n",
       "    <tr>\n",
       "      <th>6</th>\n",
       "      <td>-0.333333</td>\n",
       "      <td>-4.333333</td>\n",
       "      <td>-0.333333</td>\n",
       "      <td>-0.333333</td>\n",
       "      <td>0.666667</td>\n",
       "      <td>0.666667</td>\n",
       "      <td>-0.333333</td>\n",
       "      <td>-0.333333</td>\n",
       "      <td>0.666667</td>\n",
       "      <td>-0.333333</td>\n",
       "    </tr>\n",
       "    <tr>\n",
       "      <th>7</th>\n",
       "      <td>-0.100000</td>\n",
       "      <td>-2.100000</td>\n",
       "      <td>0.900000</td>\n",
       "      <td>0.900000</td>\n",
       "      <td>0.900000</td>\n",
       "      <td>0.900000</td>\n",
       "      <td>0.900000</td>\n",
       "      <td>-2.100000</td>\n",
       "      <td>0.900000</td>\n",
       "      <td>-1.100000</td>\n",
       "    </tr>\n",
       "    <tr>\n",
       "      <th>8</th>\n",
       "      <td>0.111111</td>\n",
       "      <td>0.111111</td>\n",
       "      <td>-0.888889</td>\n",
       "      <td>0.111111</td>\n",
       "      <td>0.111111</td>\n",
       "      <td>1.111111</td>\n",
       "      <td>-3.888889</td>\n",
       "      <td>1.111111</td>\n",
       "      <td>1.111111</td>\n",
       "      <td>-2.888889</td>\n",
       "    </tr>\n",
       "    <tr>\n",
       "      <th>9</th>\n",
       "      <td>1.333333</td>\n",
       "      <td>-3.666667</td>\n",
       "      <td>0.333333</td>\n",
       "      <td>0.333333</td>\n",
       "      <td>-1.666667</td>\n",
       "      <td>0.333333</td>\n",
       "      <td>0.333333</td>\n",
       "      <td>-1.666667</td>\n",
       "      <td>1.333333</td>\n",
       "      <td>-0.666667</td>\n",
       "    </tr>\n",
       "    <tr>\n",
       "      <th>10</th>\n",
       "      <td>0.900000</td>\n",
       "      <td>-0.100000</td>\n",
       "      <td>-2.100000</td>\n",
       "      <td>-2.100000</td>\n",
       "      <td>-0.100000</td>\n",
       "      <td>0.900000</td>\n",
       "      <td>0.900000</td>\n",
       "      <td>-0.100000</td>\n",
       "      <td>0.900000</td>\n",
       "      <td>0.900000</td>\n",
       "    </tr>\n",
       "    <tr>\n",
       "      <th>11</th>\n",
       "      <td>0.125000</td>\n",
       "      <td>-2.875000</td>\n",
       "      <td>-0.875000</td>\n",
       "      <td>1.125000</td>\n",
       "      <td>-3.875000</td>\n",
       "      <td>1.125000</td>\n",
       "      <td>1.125000</td>\n",
       "      <td>-0.875000</td>\n",
       "      <td>1.125000</td>\n",
       "      <td>-3.875000</td>\n",
       "    </tr>\n",
       "    <tr>\n",
       "      <th>12</th>\n",
       "      <td>0.666667</td>\n",
       "      <td>-4.333333</td>\n",
       "      <td>0.666667</td>\n",
       "      <td>-2.333333</td>\n",
       "      <td>0.666667</td>\n",
       "      <td>0.666667</td>\n",
       "      <td>-0.333333</td>\n",
       "      <td>0.666667</td>\n",
       "      <td>0.666667</td>\n",
       "      <td>-1.333333</td>\n",
       "    </tr>\n",
       "    <tr>\n",
       "      <th>13</th>\n",
       "      <td>0.300000</td>\n",
       "      <td>-0.700000</td>\n",
       "      <td>1.300000</td>\n",
       "      <td>1.300000</td>\n",
       "      <td>-0.700000</td>\n",
       "      <td>-0.700000</td>\n",
       "      <td>0.300000</td>\n",
       "      <td>-1.700000</td>\n",
       "      <td>1.300000</td>\n",
       "      <td>-0.700000</td>\n",
       "    </tr>\n",
       "    <tr>\n",
       "      <th>14</th>\n",
       "      <td>-1.600000</td>\n",
       "      <td>-2.600000</td>\n",
       "      <td>-2.600000</td>\n",
       "      <td>0.400000</td>\n",
       "      <td>1.400000</td>\n",
       "      <td>1.400000</td>\n",
       "      <td>1.400000</td>\n",
       "      <td>0.400000</td>\n",
       "      <td>0.400000</td>\n",
       "      <td>1.400000</td>\n",
       "    </tr>\n",
       "    <tr>\n",
       "      <th>15</th>\n",
       "      <td>1.222222</td>\n",
       "      <td>1.222222</td>\n",
       "      <td>1.222222</td>\n",
       "      <td>1.222222</td>\n",
       "      <td>-1.777778</td>\n",
       "      <td>0.222222</td>\n",
       "      <td>-2.777778</td>\n",
       "      <td>-0.777778</td>\n",
       "      <td>0.222222</td>\n",
       "      <td>-3.777778</td>\n",
       "    </tr>\n",
       "    <tr>\n",
       "      <th>16</th>\n",
       "      <td>-1.625000</td>\n",
       "      <td>0.375000</td>\n",
       "      <td>-3.625000</td>\n",
       "      <td>-1.625000</td>\n",
       "      <td>-0.625000</td>\n",
       "      <td>1.375000</td>\n",
       "      <td>0.375000</td>\n",
       "      <td>-3.625000</td>\n",
       "      <td>0.375000</td>\n",
       "      <td>1.375000</td>\n",
       "    </tr>\n",
       "    <tr>\n",
       "      <th>17</th>\n",
       "      <td>1.333333</td>\n",
       "      <td>1.333333</td>\n",
       "      <td>0.333333</td>\n",
       "      <td>-2.666667</td>\n",
       "      <td>-3.666667</td>\n",
       "      <td>0.333333</td>\n",
       "      <td>-1.666667</td>\n",
       "      <td>0.333333</td>\n",
       "      <td>-0.666667</td>\n",
       "      <td>1.333333</td>\n",
       "    </tr>\n",
       "    <tr>\n",
       "      <th>18</th>\n",
       "      <td>0.444444</td>\n",
       "      <td>0.444444</td>\n",
       "      <td>-4.555556</td>\n",
       "      <td>0.444444</td>\n",
       "      <td>-0.555556</td>\n",
       "      <td>-0.555556</td>\n",
       "      <td>0.444444</td>\n",
       "      <td>-0.555556</td>\n",
       "      <td>-0.555556</td>\n",
       "      <td>0.444444</td>\n",
       "    </tr>\n",
       "    <tr>\n",
       "      <th>19</th>\n",
       "      <td>1.200000</td>\n",
       "      <td>-0.800000</td>\n",
       "      <td>-1.800000</td>\n",
       "      <td>1.200000</td>\n",
       "      <td>1.200000</td>\n",
       "      <td>0.200000</td>\n",
       "      <td>1.200000</td>\n",
       "      <td>0.200000</td>\n",
       "      <td>0.200000</td>\n",
       "      <td>-2.800000</td>\n",
       "    </tr>\n",
       "  </tbody>\n",
       "</table>\n",
       "</div>"
      ],
      "text/plain": [
       "itemId       101       102       103       104       105       106       107  \\\n",
       "userId                                                                         \n",
       "1      -1.500000  0.500000  0.500000  0.500000  0.500000  0.500000 -1.500000   \n",
       "2       0.375000 -3.625000 -0.625000  0.375000  1.375000 -0.625000  0.375000   \n",
       "3      -0.555556 -4.555556  0.444444  0.444444  0.444444  0.444444 -1.555556   \n",
       "4       0.625000 -4.375000  0.625000 -0.375000  0.625000 -2.375000 -0.375000   \n",
       "5      -2.800000 -0.800000  1.200000  1.200000  1.200000 -1.800000  0.200000   \n",
       "6      -0.333333 -4.333333 -0.333333 -0.333333  0.666667  0.666667 -0.333333   \n",
       "7      -0.100000 -2.100000  0.900000  0.900000  0.900000  0.900000  0.900000   \n",
       "8       0.111111  0.111111 -0.888889  0.111111  0.111111  1.111111 -3.888889   \n",
       "9       1.333333 -3.666667  0.333333  0.333333 -1.666667  0.333333  0.333333   \n",
       "10      0.900000 -0.100000 -2.100000 -2.100000 -0.100000  0.900000  0.900000   \n",
       "11      0.125000 -2.875000 -0.875000  1.125000 -3.875000  1.125000  1.125000   \n",
       "12      0.666667 -4.333333  0.666667 -2.333333  0.666667  0.666667 -0.333333   \n",
       "13      0.300000 -0.700000  1.300000  1.300000 -0.700000 -0.700000  0.300000   \n",
       "14     -1.600000 -2.600000 -2.600000  0.400000  1.400000  1.400000  1.400000   \n",
       "15      1.222222  1.222222  1.222222  1.222222 -1.777778  0.222222 -2.777778   \n",
       "16     -1.625000  0.375000 -3.625000 -1.625000 -0.625000  1.375000  0.375000   \n",
       "17      1.333333  1.333333  0.333333 -2.666667 -3.666667  0.333333 -1.666667   \n",
       "18      0.444444  0.444444 -4.555556  0.444444 -0.555556 -0.555556  0.444444   \n",
       "19      1.200000 -0.800000 -1.800000  1.200000  1.200000  0.200000  1.200000   \n",
       "\n",
       "itemId       108       109       110  \n",
       "userId                                \n",
       "1       0.500000  0.500000 -0.500000  \n",
       "2      -1.625000 -3.625000  0.375000  \n",
       "3      -0.555556  0.444444  0.444444  \n",
       "4      -4.375000  0.625000  0.625000  \n",
       "5       0.200000  0.200000  1.200000  \n",
       "6      -0.333333  0.666667 -0.333333  \n",
       "7      -2.100000  0.900000 -1.100000  \n",
       "8       1.111111  1.111111 -2.888889  \n",
       "9      -1.666667  1.333333 -0.666667  \n",
       "10     -0.100000  0.900000  0.900000  \n",
       "11     -0.875000  1.125000 -3.875000  \n",
       "12      0.666667  0.666667 -1.333333  \n",
       "13     -1.700000  1.300000 -0.700000  \n",
       "14      0.400000  0.400000  1.400000  \n",
       "15     -0.777778  0.222222 -3.777778  \n",
       "16     -3.625000  0.375000  1.375000  \n",
       "17      0.333333 -0.666667  1.333333  \n",
       "18     -0.555556 -0.555556  0.444444  \n",
       "19      0.200000  0.200000 -2.800000  "
      ]
     },
     "execution_count": 20,
     "metadata": {},
     "output_type": "execute_result"
    }
   ],
   "source": [
    "R_norm = R.sub(user_means, axis=0).fillna(0)\n",
    "R_norm\n"
   ]
  },
  {
   "cell_type": "code",
   "execution_count": 21,
   "id": "9595a06d",
   "metadata": {},
   "outputs": [
    {
     "data": {
      "text/plain": [
       "(array([[ 1.00000000e+00, -3.80428735e-01,  1.17727833e-01,\n",
       "         -3.17534379e-01,  3.73978796e-01, -4.30242965e-02,\n",
       "         -5.08066069e-02,  6.29923063e-01, -3.64532171e-01,\n",
       "         -4.91429225e-01, -1.46328842e-01, -1.09674573e-01,\n",
       "         -6.17095869e-02, -7.94051021e-02,  3.47627703e-01,\n",
       "         -1.63076597e-01, -1.80709776e-01, -3.68235079e-01,\n",
       "         -1.86989398e-01],\n",
       "        [-3.80428735e-01,  1.00000000e+00,  5.43514231e-01,\n",
       "          5.92951868e-01,  1.59732969e-01,  5.43233335e-01,\n",
       "          3.70048959e-01, -2.89227833e-01,  3.26268050e-01,\n",
       "         -9.32880570e-02,  4.52300032e-02,  3.62972152e-01,\n",
       "         -1.66466891e-02,  3.78423636e-01, -2.76985183e-01,\n",
       "          9.25650429e-02, -2.93842163e-01,  1.61980744e-01,\n",
       "          2.01767961e-01],\n",
       "        [ 1.17727833e-01,  5.43514231e-01,  1.00000000e+00,\n",
       "          6.62283083e-01,  2.95719473e-01,  9.25110312e-01,\n",
       "          5.65038359e-01,  1.61495680e-01,  6.76523832e-01,\n",
       "         -1.16995460e-01,  2.81597277e-01,  7.11474609e-01,\n",
       "          2.70739945e-01,  4.61800614e-01, -9.50211618e-02,\n",
       "         -1.98741625e-02, -2.44473704e-01, -2.09760293e-01,\n",
       "          9.53933784e-03],\n",
       "        [-3.17534379e-01,  5.92951868e-01,  6.62283083e-01,\n",
       "          1.00000000e+00,  2.45598917e-01,  6.22952513e-01,\n",
       "          6.29180931e-01, -2.25188424e-01,  6.90319322e-01,\n",
       "         -2.04908461e-02,  1.81897714e-01,  4.47014520e-01,\n",
       "          5.78940681e-01,  1.48990931e-01, -9.63906557e-02,\n",
       "          2.16485847e-01, -1.97792521e-01, -4.64887711e-02,\n",
       "         -6.18831754e-17],\n",
       "        [ 3.73978796e-01,  1.59732969e-01,  2.95719473e-01,\n",
       "          2.45598917e-01,  1.00000000e+00,  1.46420589e-01,\n",
       "          1.35854245e-01, -3.15258618e-01, -1.67379633e-01,\n",
       "         -5.17658576e-01, -3.13020617e-01, -9.77547163e-02,\n",
       "          1.80009001e-01,  2.50929717e-01, -3.88716116e-01,\n",
       "         -1.66495027e-01, -5.00779838e-01, -2.88430367e-01,\n",
       "         -3.06818182e-01],\n",
       "        [-4.30242965e-02,  5.43233335e-01,  9.25110312e-01,\n",
       "          6.22952513e-01,  1.46420589e-01,  1.00000000e+00,\n",
       "          6.30856084e-01,  1.32026284e-01,  7.19903038e-01,\n",
       "          1.28269940e-01,  4.07856139e-01,  8.49710375e-01,\n",
       "          1.86381812e-01,  6.04010442e-01, -1.92993436e-01,\n",
       "          7.44892496e-02, -3.27928468e-01, -8.81473689e-02,\n",
       "          2.51006724e-01],\n",
       "        [-5.08066069e-02,  3.70048959e-01,  5.65038359e-01,\n",
       "          6.29180931e-01,  1.35854245e-01,  6.30856084e-01,\n",
       "          1.00000000e+00, -7.34215226e-02,  6.79501804e-01,\n",
       "         -1.51471632e-01,  4.60045124e-01,  4.39460283e-01,\n",
       "          6.76587970e-01,  2.83208127e-01,  7.34730217e-02,\n",
       "          9.04762246e-02, -5.87232786e-01, -2.75642617e-01,\n",
       "          3.82861963e-01],\n",
       "        [ 6.29923063e-01, -2.89227833e-01,  1.61495680e-01,\n",
       "         -2.25188424e-01, -3.15258618e-01,  1.32026284e-01,\n",
       "         -7.34215226e-02,  1.00000000e+00, -2.89049033e-03,\n",
       "         -1.31513524e-01,  2.40048969e-01,  2.17845875e-01,\n",
       "         -8.91776110e-02, -1.91249519e-01,  6.85528985e-01,\n",
       "         -1.47072331e-01,  6.70599397e-02, -2.87118765e-02,\n",
       "          2.70221673e-01],\n",
       "        [-3.64532171e-01,  3.26268050e-01,  6.76523832e-01,\n",
       "          6.90319322e-01, -1.67379633e-01,  7.19903038e-01,\n",
       "          6.79501804e-01, -2.89049033e-03,  1.00000000e+00,\n",
       "          9.77539001e-02,  7.25544139e-01,  6.11709081e-01,\n",
       "          6.43360710e-01,  1.75604000e-01,  1.53213050e-01,\n",
       "          6.72628017e-02, -2.11449099e-02, -7.02163520e-02,\n",
       "          2.26454797e-01],\n",
       "        [-4.91429225e-01, -9.32880570e-02, -1.16995460e-01,\n",
       "         -2.04908461e-02, -5.17658576e-01,  1.28269940e-01,\n",
       "         -1.51471632e-01, -1.31513524e-01,  9.77539001e-02,\n",
       "          1.00000000e+00, -4.15481557e-03,  2.12794488e-01,\n",
       "         -4.11758256e-01,  4.17101692e-01, -4.63910339e-01,\n",
       "          6.06575340e-01,  2.92467975e-01,  5.16968968e-01,\n",
       "          7.96397810e-02],\n",
       "        [-1.46328842e-01,  4.52300032e-02,  2.81597277e-01,\n",
       "          1.81897714e-01, -3.13020617e-01,  4.07856139e-01,\n",
       "          4.60045124e-01,  2.40048969e-01,  7.25544139e-01,\n",
       "         -4.15481557e-03,  1.00000000e+00,  3.46559593e-01,\n",
       "          4.83641036e-01,  7.25041614e-02,  4.37181849e-01,\n",
       "          6.74720941e-02, -1.26045216e-02,  1.06802246e-01,\n",
       "          4.69530926e-01],\n",
       "        [-1.09674573e-01,  3.62972152e-01,  7.11474609e-01,\n",
       "          4.47014520e-01, -9.77547163e-02,  8.49710375e-01,\n",
       "          4.39460283e-01,  2.17845875e-01,  6.11709081e-01,\n",
       "          2.12794488e-01,  3.46559593e-01,  1.00000000e+00,\n",
       "          4.10590338e-02,  2.86807201e-01, -6.48611331e-02,\n",
       "         -1.53714700e-01, -7.25238385e-02, -3.08241213e-01,\n",
       "          2.13283017e-01],\n",
       "        [-6.17095869e-02, -1.66466891e-02,  2.70739945e-01,\n",
       "          5.78940681e-01,  1.80009001e-01,  1.86381812e-01,\n",
       "          6.76587970e-01, -8.91776110e-02,  6.43360710e-01,\n",
       "         -4.11758256e-01,  4.83641036e-01,  4.10590338e-02,\n",
       "          1.00000000e+00, -2.67543060e-01,  4.01580728e-01,\n",
       "         -1.20358138e-01, -2.37750527e-01, -3.08536461e-01,\n",
       "          1.05005250e-01],\n",
       "        [-7.94051021e-02,  3.78423636e-01,  4.61800614e-01,\n",
       "          1.48990931e-01,  2.50929717e-01,  6.04010442e-01,\n",
       "          2.83208127e-01, -1.91249519e-01,  1.75604000e-01,\n",
       "          4.17101692e-01,  7.25041614e-02,  2.86807201e-01,\n",
       "         -2.67543060e-01,  1.00000000e+00, -6.96158082e-01,\n",
       "          4.24212969e-01, -4.77543980e-01,  3.97010747e-01,\n",
       "          2.50929717e-01],\n",
       "        [ 3.47627703e-01, -2.76985183e-01, -9.50211618e-02,\n",
       "         -9.63906557e-02, -3.88716116e-01, -1.92993436e-01,\n",
       "          7.34730217e-02,  6.85528985e-01,  1.53213050e-01,\n",
       "         -4.63910339e-01,  4.37181849e-01, -6.48611331e-02,\n",
       "          4.01580728e-01, -6.96158082e-01,  1.00000000e+00,\n",
       "         -2.90693429e-01,  2.02046847e-01, -2.10011554e-01,\n",
       "          2.02808408e-01],\n",
       "        [-1.63076597e-01,  9.25650429e-02, -1.98741625e-02,\n",
       "          2.16485847e-01, -1.66495027e-01,  7.44892496e-02,\n",
       "          9.04762246e-02, -1.47072331e-01,  6.72628017e-02,\n",
       "          6.06575340e-01,  6.74720941e-02, -1.53714700e-01,\n",
       "         -1.20358138e-01,  4.24212969e-01, -2.90693429e-01,\n",
       "          1.00000000e+00,  1.21316254e-01,  6.03804308e-01,\n",
       "         -8.72116808e-02],\n",
       "        [-1.80709776e-01, -2.93842163e-01, -2.44473704e-01,\n",
       "         -1.97792521e-01, -5.00779838e-01, -3.27928468e-01,\n",
       "         -5.87232786e-01,  6.70599397e-02, -2.11449099e-02,\n",
       "          2.92467975e-01, -1.26045216e-02, -7.25238385e-02,\n",
       "         -2.37750527e-01, -4.77543980e-01,  2.02046847e-01,\n",
       "          1.21316254e-01,  1.00000000e+00,  1.42397996e-02,\n",
       "         -5.88635950e-01],\n",
       "        [-3.68235079e-01,  1.61980744e-01, -2.09760293e-01,\n",
       "         -4.64887711e-02, -2.88430367e-01, -8.81473689e-02,\n",
       "         -2.75642617e-01, -2.87118765e-02, -7.02163520e-02,\n",
       "          5.16968968e-01,  1.06802246e-01, -3.08241213e-01,\n",
       "         -3.08536461e-01,  3.97010747e-01, -2.10011554e-01,\n",
       "          6.03804308e-01,  1.42397996e-02,  1.00000000e+00,\n",
       "          3.58051490e-01],\n",
       "        [-1.86989398e-01,  2.01767961e-01,  9.53933784e-03,\n",
       "         -6.18831754e-17, -3.06818182e-01,  2.51006724e-01,\n",
       "          3.82861963e-01,  2.70221673e-01,  2.26454797e-01,\n",
       "          7.96397810e-02,  4.69530926e-01,  2.13283017e-01,\n",
       "          1.05005250e-01,  2.50929717e-01,  2.02808408e-01,\n",
       "         -8.72116808e-02, -5.88635950e-01,  3.58051490e-01,\n",
       "          1.00000000e+00]]),\n",
       " userId        1         2         3             4         5         6   \\\n",
       " userId                                                                   \n",
